0 1 1244 49 1569 378 -1 -1 -1 -1 
1 1 1249 53 1568 376 -1 -1 -1 -1 
2 1 1248 51 1571 377 -1 -1 -1 -1 
3 1 1248 51 1571 377 -1 -1 -1 -1 
4 1 1247 52 1570 378 -1 -1 -1 -1 
5 1 1247 53 1566 374 -1 -1 -1 -1 
6 1 1247 54 1564 373 -1 -1 -1 -1 
7 1 1245 52 1565 373 -1 -1 -1 -1 
8 1 1244 52 1565 374 -1 -1 -1 -1 
9 1 1243 53 1565 374 -1 -1 -1 -1 
10 1 1243 50 1569 376 -1 -1 -1 -1 
11 1 1242 49 1571 377 -1 -1 -1 -1 
12 1 1245 51 1570 375 -1 -1 -1 -1 
13 1 1246 51 1571 375 -1 -1 -1 -1 
14 1 1246 51 1571 374 -1 -1 -1 -1 
15 1 1244 50 1570 374 -1 -1 -1 -1 
16 1 1243 50 1569 374 -1 -1 -1 -1 
17 1 1240 51 1566 373 -1 -1 -1 -1 
18 1 1243 51 1570 375 -1 -1 -1 -1 
19 1 1243 51 1571 376 -1 -1 -1 -1 
20 1 1244 53 1570 375 -1 -1 -1 -1 
21 1 1244 53 1570 375 -1 -1 -1 -1 
22 1 1242 52 1569 375 -1 -1 -1 -1 
23 1 1241 52 1569 375 -1 -1 -1 -1 
24 1 1242 54 1569 376 -1 -1 -1 -1 
25 1 1244 54 1569 374 -1 -1 -1 -1 
26 1 1245 55 1570 374 -1 -1 -1 -1 
27 1 1246 54 1570 372 -1 -1 -1 -1 
28 1 1246 54 1571 372 -1 -1 -1 -1 
29 1 1247 53 1571 370 -1 -1 -1 -1 
30 1 1245 54 1573 374 -1 -1 -1 -1 
31 1 1244 54 1573 375 -1 -1 -1 -1 
32 1 1240 53 1570 375 -1 -1 -1 -1 
33 1 1239 52 1569 375 -1 -1 -1 -1 
34 1 1240 54 1566 374 -1 -1 -1 -1 
35 1 1244 54 1571 374 -1 -1 -1 -1 
36 1 1246 54 1572 374 -1 -1 -1 -1 
37 1 1244 53 1571 374 -1 -1 -1 -1 
38 1 1243 53 1571 374 -1 -1 -1 -1 
39 1 1246 51 1574 372 -1 -1 -1 -1 
40 1 1242 51 1570 374 -1 -1 -1 -1 
41 1 1240 51 1568 374 -1 -1 -1 -1 
42 1 1241 52 1570 377 -1 -1 -1 -1 
43 1 1242 52 1571 378 -1 -1 -1 -1 
44 1 1239 53 1564 377 -1 -1 -1 -1 
45 1 1242 52 1565 374 -1 -1 -1 -1 
46 1 1244 52 1565 373 -1 -1 -1 -1 
47 1 1248 53 1571 375 -1 -1 -1 -1 
48 1 1249 54 1571 374 -1 -1 -1 -1 
49 1 1249 54 1571 374 -1 -1 -1 -1 
50 1 1250 53 1573 372 -1 -1 -1 -1 
51 1 1249 52 1575 374 -1 -1 -1 -1 
52 1 1248 52 1576 374 -1 -1 -1 -1 
53 1 1251 53 1581 376 -1 -1 -1 -1 
54 1 1253 54 1583 376 -1 -1 -1 -1 
55 1 1250 52 1583 376 -1 -1 -1 -1 
56 1 1249 52 1583 376 -1 -1 -1 -1 
57 1 1246 52 1580 375 -1 -1 -1 -1 
58 1 1245 52 1578 375 -1 -1 -1 -1 
59 1 1245 52 1578 375 -1 -1 -1 -1 
60 1 1243 51 1578 374 -1 -1 -1 -1 
61 1 1243 51 1578 374 -1 -1 -1 -1 
62 1 1240 48 1581 377 -1 -1 -1 -1 
63 1 1243 50 1582 375 -1 -1 -1 -1 
64 1 1245 51 1583 375 -1 -1 -1 -1 
65 1 1238 49 1576 377 -1 -1 -1 -1 
66 1 1241 51 1579 379 -1 -1 -1 -1 
67 1 1242 51 1580 379 -1 -1 -1 -1 
68 1 1238 50 1574 380 -1 -1 -1 -1 
69 1 1236 50 1572 380 -1 -1 -1 -1 
71 1 1240 50 1574 378 -1 -1 -1 -1 
72 1 1242 50 1574 378 -1 -1 -1 -1 
73 1 1240 46 1576 378 -1 -1 -1 -1 
74 1 1239 45 1577 378 -1 -1 -1 -1 
75 1 1242 48 1576 379 -1 -1 -1 -1 
76 1 1243 49 1574 377 -1 -1 -1 -1 
77 1 1242 47 1575 378 -1 -1 -1 -1 
78 1 1241 47 1575 378 -1 -1 -1 -1 
79 1 1242 46 1575 377 -1 -1 -1 -1 
80 1 1242 46 1575 377 -1 -1 -1 -1 
81 1 1244 48 1575 377 -1 -1 -1 -1 
82 1 1249 54 1576 376 -1 -1 -1 -1 
83 1 1251 56 1577 376 -1 -1 -1 -1 
84 1 1245 53 1575 377 -1 -1 -1 -1 
85 1 1244 50 1574 375 -1 -1 -1 -1 
86 1 1244 49 1573 374 -1 -1 -1 -1 
87 1 1246 47 1576 373 -1 -1 -1 -1 
88 1 1246 51 1576 374 -1 -1 -1 -1 
89 1 1246 52 1576 374 -1 -1 -1 -1 
90 1 1243 50 1572 374 -1 -1 -1 -1 
91 1 1248 52 1576 372 -1 -1 -1 -1 
92 1 1250 53 1578 372 -1 -1 -1 -1 
93 1 1243 50 1574 372 -1 -1 -1 -1 
94 1 1243 53 1574 374 -1 -1 -1 -1 
95 1 1243 54 1573 374 -1 -1 -1 -1 
96 1 1246 55 1575 372 -1 -1 -1 -1 
97 1 1247 56 1576 372 -1 -1 -1 -1 
98 1 1242 52 1577 375 -1 -1 -1 -1 
99 1 1243 52 1577 375 -1 -1 -1 -1 
100 1 1246 55 1577 372 -1 -1 -1 -1 
101 1 1247 56 1577 371 -1 -1 -1 -1 
102 1 1242 54 1576 373 -1 -1 -1 -1 
103 1 1244 54 1578 373 -1 -1 -1 -1 
104 1 1244 54 1578 373 -1 -1 -1 -1 
109 1 1242 54 1579 377 -1 -1 -1 -1 
110 1 1241 54 1579 378 -1 -1 -1 -1 
111 1 1241 54 1578 379 -1 -1 -1 -1 
115 1 1242 55 1577 378 -1 -1 -1 -1 
116 1 1242 55 1577 378 -1 -1 -1 -1 
121 1 1242 54 1576 376 -1 -1 -1 -1 
122 1 1242 53 1577 375 -1 -1 -1 -1 
123 1 1240 49 1579 377 -1 -1 -1 -1 
124 1 1241 51 1575 374 -1 -1 -1 -1 
125 1 1241 52 1574 372 -1 -1 -1 -1 
126 1 1240 52 1574 373 -1 -1 -1 -1 
127 1 1241 53 1574 374 -1 -1 -1 -1 
128 1 1243 56 1577 377 -1 -1 -1 -1 
129 1 1244 57 1578 378 -1 -1 -1 -1 
131 1 1245 53 1578 373 -1 -1 -1 -1 
132 1 1245 51 1578 370 -1 -1 -1 -1 
133 1 1245 50 1578 369 -1 -1 -1 -1 
134 1 1245 50 1579 368 -1 -1 -1 -1 
166 1 1242 51 1577 373 -1 -1 -1 -1 
167 1 1243 53 1576 373 -1 -1 -1 -1 
168 1 1244 54 1576 373 -1 -1 -1 -1 
169 1 1244 52 1581 375 -1 -1 -1 -1 
170 1 1245 50 1586 375 -1 -1 -1 -1 
171 1 1245 49 1588 376 -1 -1 -1 -1 
172 1 1252 50 1596 376 -1 -1 -1 -1 
173 1 1252 50 1599 377 -1 -1 -1 -1 
174 1 1251 50 1600 377 -1 -1 -1 -1 
175 1 1247 48 1602 380 -1 -1 -1 -1 
176 1 1222 34 1595 379 -1 -1 -1 -1 
177 1 1207 38 1583 376 -1 -1 -1 -1 
178 1 1199 40 1580 375 -1 -1 -1 -1 
179 1 1189 41 1576 375 -1 -1 -1 -1 
180 1 1182 42 1577 375 -1 -1 -1 -1 
181 1 1216 47 1601 371 -1 -1 -1 -1 
182 1 1234 50 1617 373 -1 -1 -1 -1 
183 1 1240 50 1623 372 -1 -1 -1 -1 
184 1 1242 51 1626 372 -1 -1 -1 -1 
185 1 1246 53 1628 371 -1 -1 -1 -1 
186 1 1247 53 1629 371 -1 -1 -1 -1 
189 1 1251 54 1635 372 -1 -1 -1 -1 
190 1 1255 55 1638 371 -1 -1 -1 -1 
191 1 1256 56 1639 371 -1 -1 -1 -1 
192 1 1255 54 1639 370 -1 -1 -1 -1 
193 1 1254 54 1640 369 -1 -1 -1 -1 
194 1 1255 55 1639 368 -1 -1 -1 -1 
195 1 1252 56 1634 366 -1 -1 -1 -1 
196 1 1251 57 1632 366 -1 -1 -1 -1 
197 1 1255 57 1636 364 -1 -1 -1 -1 
198 1 1255 57 1638 363 -1 -1 -1 -1 
199 1 1254 55 1642 365 -1 -1 -1 -1 
200 1 1252 55 1639 364 -1 -1 -1 -1 
201 1 1250 55 1638 363 -1 -1 -1 -1 
202 1 1250 55 1638 363 -1 -1 -1 -1 
203 1 1250 55 1638 363 -1 -1 -1 -1 
204 1 1246 56 1637 366 -1 -1 -1 -1 
205 1 1247 55 1639 366 -1 -1 -1 -1 
206 1 1247 55 1640 366 -1 -1 -1 -1 
207 1 1248 55 1641 366 -1 -1 -1 -1 
208 1 1248 55 1642 366 -1 -1 -1 -1 
209 1 1246 54 1641 366 -1 -1 -1 -1 
210 1 1245 55 1638 366 -1 -1 -1 -1 
211 1 1245 55 1636 366 -1 -1 -1 -1 
212 1 1244 55 1636 365 -1 -1 -1 -1 
213 1 1243 55 1636 367 -1 -1 -1 -1 
214 1 1243 55 1636 367 -1 -1 -1 -1 
215 1 1244 55 1636 367 -1 -1 -1 -1 
216 1 1244 55 1639 370 -1 -1 -1 -1 
217 1 1245 55 1641 371 -1 -1 -1 -1 
218 1 1241 50 1641 370 -1 -1 -1 -1 
219 1 1240 48 1641 370 -1 -1 -1 -1 
220 1 1240 50 1638 371 -1 -1 -1 -1 
221 1 1238 48 1637 371 -1 -1 -1 -1 
222 1 1238 48 1636 371 -1 -1 -1 -1 
223 1 1240 51 1634 373 -1 -1 -1 -1 
224 1 1230 44 1631 373 -1 -1 -1 -1 
225 1 1227 41 1630 374 -1 -1 -1 -1 
228 1 1221 46 1608 370 -1 -1 -1 -1 
229 1 1220 48 1597 368 -1 -1 -1 -1 
230 1 1221 48 1592 368 -1 -1 -1 -1 
231 1 1221 50 1591 373 -1 -1 -1 -1 
239 1 1219 50 1588 373 -1 -1 -1 -1 
239 2 1249 53 1499 229 -1 -1 -1 -1 
240 1 1216 50 1586 374 -1 -1 -1 -1 
240 2 1249 53 1499 229 -1 -1 -1 -1 
242 1 1214 51 1584 374 -1 -1 -1 -1 
242 3 1251 54 1538 215 -1 -1 -1 -1 
243 1 1211 51 1581 374 -1 -1 -1 -1 
243 3 1251 54 1538 215 -1 -1 -1 -1 
244 1 1208 51 1579 375 -1 -1 -1 -1 
244 3 1235 52 1533 220 -1 -1 -1 -1 
245 1 1206 51 1577 375 -1 -1 -1 -1 
245 3 1230 51 1531 222 -1 -1 -1 -1 
250 1 1247 51 1499 270 -1 -1 -1 -1 
250 3 1224 51 1530 224 -1 -1 -1 -1 
251 1 1249 51 1494 263 -1 -1 -1 -1 
251 3 1218 50 1528 226 -1 -1 -1 -1 
252 1 1257 52 1505 264 -1 -1 -1 -1 
252 3 1212 50 1527 228 -1 -1 -1 -1 
253 1 1259 52 1509 264 -1 -1 -1 -1 
253 3 1205 49 1525 230 -1 -1 -1 -1 
254 1 1260 62 1517 278 -1 -1 -1 -1 
254 3 1199 48 1524 232 -1 -1 -1 -1 
255 1 1260 66 1521 283 -1 -1 -1 -1 
255 3 1193 48 1522 234 -1 -1 -1 -1 
256 1 1262 68 1520 282 -1 -1 -1 -1 
256 3 1237 113 1657 352 -1 -1 -1 -1 
257 1 1265 70 1518 281 -1 -1 -1 -1 
257 3 1238 117 1665 359 -1 -1 -1 -1 
258 1 1267 72 1517 280 -1 -1 -1 -1 
258 3 1238 153 1628 375 -1 -1 -1 -1 
264 1 1270 74 1515 279 -1 -1 -1 -1 
264 3 1238 161 1636 389 -1 -1 -1 -1 
264 4 1246 54 1738 376 -1 -1 -1 -1 
265 1 1272 76 1514 278 -1 -1 -1 -1 
265 3 1237 170 1645 403 -1 -1 -1 -1 
265 4 1246 54 1738 376 -1 -1 -1 -1 
266 1 1275 78 1513 277 -1 -1 -1 -1 
266 3 1236 179 1654 417 -1 -1 -1 -1 
266 4 1246 54 1738 376 -1 -1 -1 -1 
267 1 1277 81 1511 275 -1 -1 -1 -1 
267 3 1236 188 1662 430 -1 -1 -1 -1 
267 4 1246 54 1738 376 -1 -1 -1 -1 
268 1 1279 83 1510 274 -1 -1 -1 -1 
268 3 1235 196 1671 444 -1 -1 -1 -1 
268 4 1246 54 1738 376 -1 -1 -1 -1 
269 1 1282 85 1508 273 -1 -1 -1 -1 
269 3 1234 205 1679 458 -1 -1 -1 -1 
269 4 1291 175 1605 376 -1 -1 -1 -1 
272 1 1259 53 1510 258 -1 -1 -1 -1 
272 3 1234 214 1688 472 -1 -1 -1 -1 
272 4 1303 203 1573 376 -1 -1 -1 -1 
